#Basin family:
{5, 6, 7, 8, 9, 10, 11, 12, 13, 14, 15, 16, 17, 18, 19, 20, 21, 22, 23, 24, 25, 26, 27, 28, 29, 30, 31, 32}

#Process list
#Start basin 	 end basin 	Transition state 	 Energy barrier 	 Start point [a, b, c] 	End point [a, b, c] 	 process vector (a, b, c)
             8 	         17 	              1 	     8.712456 	         [10, 11, 42]         [12, 11, 52]            (0, 0, 0) 
            17 	          8 	              1 	     8.890492 	         [12, 11, 52]         [10, 11, 42]            (0, 0, 0) 
            10 	         18 	              2 	     8.712456 	         [10, 33, 42]         [12, 33, 52]            (0, 0, 0) 
            18 	         10 	              2 	     8.890492 	         [12, 33, 52]         [10, 33, 42]            (0, 0, 0) 
            12 	         13 	              3 	     8.712456 	         [11, 10, 10]         [11, 12, 20]            (0, 0, 0) 
            13 	         12 	              3 	     8.890492 	         [11, 12, 20]         [11, 10, 10]            (0, 0, 0) 
            16 	         14 	              4 	     8.712456 	         [11, 34, 10]         [11, 32, 20]            (0, 0, 0) 
            14 	         16 	              4 	     8.890492 	         [11, 32, 20]         [11, 34, 10]            (0, 0, 0) 
            28 	         21 	              5 	     8.712456 	         [34, 11, 42]         [32, 11, 52]            (0, 0, 0) 
            21 	         28 	              5 	     8.890492 	         [32, 11, 52]         [34, 11, 42]            (0, 0, 0) 
            32 	         22 	              6 	     8.712456 	         [34, 33, 42]         [32, 33, 52]            (0, 0, 0) 
            22 	         32 	              6 	     8.890492 	         [32, 33, 52]         [34, 33, 42]            (0, 0, 0) 
            27 	         29 	              7 	     8.712456 	         [33, 10, 10]         [33, 12, 20]            (0, 0, 0) 
            29 	         27 	              7 	     8.890492 	         [33, 12, 20]         [33, 10, 10]            (0, 0, 0) 
            30 	         31 	              8 	     8.890492 	         [33, 32, 20]         [33, 34, 10]            (0, 0, 0) 
            31 	         30 	              8 	     8.712456 	         [33, 34, 10]         [33, 32, 20]            (0, 0, 0) 
             8 	          7 	              9 	    12.682538 	         [10, 11, 42]         [11, 11, 32]            (0, 0, 0) 
             7 	          8 	              9 	    14.630941 	         [11, 11, 32]         [10, 11, 42]            (0, 0, 0) 
             9 	         10 	             10 	    14.630941 	         [11, 33, 32]         [10, 33, 42]            (0, 0, 0) 
            10 	          9 	             10 	    12.682538 	         [10, 33, 42]         [11, 33, 32]            (0, 0, 0) 
            11 	         12 	             11 	    14.630941 	          [11, 11, 0]         [11, 10, 10]            (0, 0, 0) 
            12 	         11 	             11 	    12.682538 	         [11, 10, 10]          [11, 11, 0]            (0, 0, 0) 
            13 	          7 	             12 	    13.860773 	         [11, 12, 20]         [11, 11, 32]            (0, 0, 0) 
             7 	         13 	             12 	    15.631140 	         [11, 11, 32]         [11, 12, 20]            (0, 0, 0) 
             9 	         14 	             13 	    15.631140 	         [11, 33, 32]         [11, 32, 20]            (0, 0, 0) 
            14 	          9 	             13 	    13.860773 	         [11, 32, 20]         [11, 33, 32]            (0, 0, 0) 
            16 	         15 	             14 	    12.682538 	         [11, 34, 10]          [11, 33, 0]            (0, 0, 0) 
            15 	         16 	             14 	    14.630941 	          [11, 33, 0]         [11, 34, 10]            (0, 0, 0) 
            17 	         11 	             15 	    13.860773 	         [12, 11, 52]          [11, 11, 0]            (0, 0, 1) 
            11 	         17 	             15 	    15.631140 	          [11, 11, 0]         [12, 11, 52]           (0, 0, -1) 
            18 	         15 	             16 	    13.860773 	         [12, 33, 52]          [11, 33, 0]            (0, 0, 1) 
            15 	         18 	             16 	    15.631140 	          [11, 33, 0]         [12, 33, 52]           (0, 0, -1) 
            21 	         23 	             17 	    13.860773 	         [32, 11, 52]          [33, 11, 0]            (0, 0, 1) 
            23 	         21 	             17 	    15.631140 	          [33, 11, 0]         [32, 11, 52]           (0, 0, -1) 
            27 	         23 	             18 	    12.682538 	         [33, 10, 10]          [33, 11, 0]            (0, 0, 0) 
            23 	         27 	             18 	    14.630941 	          [33, 11, 0]         [33, 10, 10]            (0, 0, 0) 
            24 	         28 	             19 	    14.630941 	         [33, 11, 32]         [34, 11, 42]            (0, 0, 0) 
            28 	         24 	             19 	    12.682538 	         [34, 11, 42]         [33, 11, 32]            (0, 0, 0) 
            25 	         22 	             20 	    15.631140 	          [33, 33, 0]         [32, 33, 52]           (0, 0, -1) 
            22 	         25 	             20 	    13.860773 	         [32, 33, 52]          [33, 33, 0]            (0, 0, 1) 
            25 	         31 	             21 	    14.630941 	          [33, 33, 0]         [33, 34, 10]            (0, 0, 0) 
            31 	         25 	             21 	    12.682538 	         [33, 34, 10]          [33, 33, 0]            (0, 0, 0) 
            32 	         26 	             22 	    12.682538 	         [34, 33, 42]         [33, 33, 32]            (0, 0, 0) 
            26 	         32 	             22 	    14.630941 	         [33, 33, 32]         [34, 33, 42]            (0, 0, 0) 
            24 	         29 	             23 	    15.631140 	         [33, 11, 32]         [33, 12, 20]            (0, 0, 0) 
            29 	         24 	             23 	    13.860773 	         [33, 12, 20]         [33, 11, 32]            (0, 0, 0) 
            26 	         30 	             24 	    15.631140 	         [33, 33, 32]         [33, 32, 20]            (0, 0, 0) 
            30 	         26 	             24 	    13.860773 	         [33, 32, 20]         [33, 33, 32]            (0, 0, 0) 
            13 	          6 	             25 	    23.684516 	         [11, 12, 20]          [0, 22, 16]            (0, 0, 0) 
             6 	         13 	             25 	    22.224936 	          [0, 22, 16]         [11, 12, 20]            (0, 0, 0) 
            14 	          6 	             26 	    23.684516 	         [11, 32, 20]          [0, 22, 16]            (0, 0, 0) 
             6 	         14 	             26 	    22.224936 	          [0, 22, 16]         [11, 32, 20]            (0, 0, 0) 
            17 	         20 	             27 	    23.684516 	         [12, 11, 52]          [22, 0, 48]            (0, 0, 0) 
            20 	         17 	             27 	    22.224936 	          [22, 0, 48]         [12, 11, 52]            (0, 0, 0) 
            18 	         20 	             28 	    23.684516 	         [12, 33, 52]          [22, 0, 48]            (0, 1, 0) 
            20 	         18 	             28 	    22.224936 	          [22, 0, 48]         [12, 33, 52]           (0, -1, 0) 
            20 	         21 	             29 	    22.224936 	          [22, 0, 48]         [32, 11, 52]            (0, 0, 0) 
            21 	         20 	             29 	    23.684516 	         [32, 11, 52]          [22, 0, 48]            (0, 0, 0) 
            20 	         22 	             30 	    22.224936 	          [22, 0, 48]         [32, 33, 52]           (0, -1, 0) 
            22 	         20 	             30 	    23.684516 	         [32, 33, 52]          [22, 0, 48]            (0, 1, 0) 
            29 	          6 	             31 	    23.684516 	         [33, 12, 20]          [0, 22, 16]            (1, 0, 0) 
             6 	         29 	             31 	    22.224936 	          [0, 22, 16]         [33, 12, 20]           (-1, 0, 0) 
            30 	          6 	             32 	    23.684516 	         [33, 32, 20]          [0, 22, 16]            (1, 0, 0) 
             6 	         30 	             32 	    22.224936 	          [0, 22, 16]         [33, 32, 20]           (-1, 0, 0) 
            17 	          5 	             33 	    24.392446 	         [12, 11, 52]          [0, 22, 47]            (0, 0, 0) 
             5 	         17 	             33 	    23.777037 	          [0, 22, 47]         [12, 11, 52]            (0, 0, 0) 
            21 	          5 	             34 	    24.392446 	         [32, 11, 52]          [0, 22, 47]            (1, 0, 0) 
             5 	         21 	             34 	    23.777037 	          [0, 22, 47]         [32, 11, 52]           (-1, 0, 0) 
            18 	          5 	             35 	    24.392446 	         [12, 33, 52]          [0, 22, 47]            (0, 0, 0) 
             5 	         18 	             35 	    23.777037 	          [0, 22, 47]         [12, 33, 52]            (0, 0, 0) 
             5 	         22 	             36 	    23.777037 	          [0, 22, 47]         [32, 33, 52]           (-1, 0, 0) 
            22 	          5 	             36 	    24.392446 	         [32, 33, 52]          [0, 22, 47]            (1, 0, 0) 
            19 	         13 	             37 	    23.777037 	          [22, 0, 15]         [11, 12, 20]            (0, 0, 0) 
            13 	         19 	             37 	    24.392446 	         [11, 12, 20]          [22, 0, 15]            (0, 0, 0) 
            19 	         14 	             38 	    23.777037 	          [22, 0, 15]         [11, 32, 20]           (0, -1, 0) 
            14 	         19 	             38 	    24.392446 	         [11, 32, 20]          [22, 0, 15]            (0, 1, 0) 
            19 	         29 	             39 	    23.777037 	          [22, 0, 15]         [33, 12, 20]            (0, 0, 0) 
            29 	         19 	             39 	    24.392446 	         [33, 12, 20]          [22, 0, 15]            (0, 0, 0) 
            19 	         30 	             40 	    23.777037 	          [22, 0, 15]         [33, 32, 20]           (0, -1, 0) 
            30 	         19 	             40 	    24.392446 	         [33, 32, 20]          [22, 0, 15]            (0, 1, 0) 
